[0.9999999999997305, 2.3097808388161667e-12, -4.264293779199235e-12, 2.1124230836777613e-12]
[2.3097808388161667e-12, 0.9999999999837089, 2.2206042560313222e-11, -5.935085756192393e-12]
[-4.264293779199235e-12, 2.2206042560313222e-11, 0.9999999999910445, -1.6193713037182533e-11]
[2.1124230836777613e-12, -5.935085756192393e-12, -1.6193713037182533e-11, 1.0000000000255156]

[0.9999999999999842, 8.094913628298173e-14, -1.998609611142399e-13, 1.2564255191804818e-13]
[8.094913628298173e-14, 1.0000000000000686, -6.025735466153037e-14, 7.058242879054433e-14]
[-1.998609611142399e-13, -6.025735466153037e-14, 0.9999999999998921, -5.717648576819556e-15]
[1.2564255191804818e-13, 7.058242879054433e-14, -5.717648576819556e-15, 1.0000000000000546]